  0.0000000E+00    0.0000000E+00
   1.000000        0.8397836    
   2.000000         1.430118    
   3.000000         1.979272    
   4.000000         2.356376    
   5.000000         2.612862    
   6.000000         2.935861    
   7.000000         3.263459    
   8.000000         3.741766    
   9.000000         3.621077    
   10.00000         3.823398    
   11.00000         4.119792    
   12.00000         4.123621    
   13.00000         4.619872    
   14.00000         4.765676    
   15.00000         4.461985    
   16.00000         4.669798    
   17.00000         5.113730    
   18.00000         5.371656    
   19.00000         5.131046    
   20.00000         5.859278    
   21.00000         6.135370    
   22.00000         6.104750    
   23.00000         6.204855    
   24.00000         5.750725    
   25.00000         6.457510    
   26.00000         6.171020    
   27.00000         6.778412    
   28.00000         6.949904    
   29.00000         6.744795    
   30.00000         6.869636    
   31.00000         6.110763    
   32.00000         6.769156    
   33.00000         7.113236    
   34.00000         7.324766    
   35.00000         7.874812    
   36.00000         8.412895    
   37.00000         8.046530    
   38.00000         8.306073    
   39.00000         8.569454    
   40.00000         7.840645    
   41.00000         7.915740    
   42.00000         7.084099    
   43.00000         8.237798    
   44.00000         7.251421    
   45.00000         7.663627    
   46.00000         7.760720    
   47.00000         8.639603    
   48.00000         8.813166    
   49.00000         8.244232    
   50.00000         8.218707    
   51.00000         8.138288    
   52.00000         8.513869    
   53.00000         8.189532    
   54.00000         8.740996    
   55.00000         8.385777    
   56.00000         9.343725    
   57.00000         8.716073    
   58.00000         9.232744    
   59.00000         9.864333    
   60.00000         9.084567    
   61.00000         10.00705    
   62.00000         9.191378    
   63.00000         8.566395    
   64.00000         9.807944    
   65.00000         9.056305    
   66.00000         8.127765    
   67.00000         7.517560    
   68.00000         8.565356    
   69.00000         7.875137    
   70.00000         9.464913    
   71.00000         9.377078    
   72.00000         9.661432    
   73.00000         8.990658    
   74.00000         9.886250    
   75.00000         9.764841    
   76.00000         10.38581    
   77.00000         9.953618    
   78.00000         10.78911    
   79.00000         10.69901    
   80.00000         10.14321    
   81.00000         9.760728    
   82.00000         10.15982    
   83.00000         11.05072    
   84.00000         10.19778    
   85.00000         10.54490    
   86.00000         8.879867    
   87.00000         8.311686    
   88.00000         8.980031    
   89.00000         11.07553    
   90.00000         12.85860    
   91.00000         12.75613    
   92.00000         11.29651    
   93.00000         9.731837    
   94.00000         9.456680    
   95.00000         12.24757    
   96.00000         11.39825    
   97.00000         11.69292    
   98.00000         11.66954    
   99.00000         11.85901    
