0.101446607
0.688853052
0.338662628
0.044183366
0.040118773
0.879278709
0.165457026
0.712968115
0.237036915
0.081106318
0.017102977
0.258426159
0.039797867
0.741474017
0.073266969
0.143439763
0.049465309
0.671770201
0.942955031
0.667214861
0.914232406
0.275662208
0.892533364
0.624282429
0.016498878
0.509730679
0.365394055
0.908565172
0.021320646
0.284724293
0.670624391
0.588768947
0.70025725
0.105079976
0.649810937
0.153669001
0.555929188
0.432011008
0.384059616
0.385891703
0.945131645
0.262083424
0.928296619
0.494414967
0.906303217
0.656880887
0.63324324
0.160353589
0.52495773
0.706973776
0.135997441
0.605167249
0.209939275
0.336730972
0.665902124
0.753442742
0.18875645
0.832679552
0.242044516
0.34986337
0.683839543
0.627114466
0.427237786
0.733494669
0.11128814
0.689596697
0.193064744
0.582253039
0.954096248
0.348879732
0.478878641
0.30185736
0.820794085
0.227801583
0.408529571
0.19668457
0.091018312
0.80224289
0.244596756
0.564134151
0.026781322
0.176953803
0.297508553
0.760709221
0.517718381
0.694420412
0.752682807
0.689992173
0.338027358
0.341093452
0.378261166
0.874021101
0.925165769
0.78746213
0.507141826
0.050112212
0.118068919
0.60616754
0.113339102
0.455511407
0.55894913
0.062505139
0.690623461
0.513156619
0.368435695
0.97015245
0.409407993
0.344523196
0.627991414
0.033814657
0.861244297
0.525234172
0.386054741
0.874020734
0.53796691
0.978078701
0.973850286
0.317775287
0.878580771
0.48185928
0.367545469
0.31479657
0.267144319
0.23309382
0.757292649
0.228531252
0.658221683
0.467836223
0.270489342
0.03556588
0.827994685
0.184710313
0.054566443
0.404439316
0.543811939
0.521065941
0.157687421
0.174312797
0.379712036
0.7439708
0.264546538
0.975029908
0.496744415
0.688912996
0.795005792
0.193345737
0.484992685
0.219826988
0.248226432
0.057434616
0.545711886
0.08779168
0.005783926
0.089394707
0.258241768
0.525535838
0.431191793
0.806775429
0.182069709
0.3115722
0.592905765
0.828013168
0.225213587
0.798493343
0.263004856
0.940578233
0.766939202
0.529830186
0.38407097
0.837485338
0.639466312
0.449986447
0.941038657
0.051628482
0.136245977
0.736160359
0.147424667
0.986417018
0.744547311
0.007620506
0.350164334
0.312628921
0.949833956
0.435693767
0.960202743
0.174782564
0.165118273
0.842597635
0.193056129
0.116745923
0.407221729
0.727863892
0.953500973
0.274832615
0.02787629
0.402417152
0.472982861
0.723779321
0.136637526
0.7518067
0.76764617
0.232645595
0.451645553
0.538906218
0.663892302
0.958037417
0.310704053
0.277929029
0.108736823
0.023177124
0.022238732
0.341006388
0.849868595
0.656081948
0.5298942
0.364823577
0.790129771
0.816217842
0.457923121
0.101610342
0.861313748
0.027754228
0.213258643
0.270381656
0.698432973
0.242867015
0.154951883
0.396481848
0.36064707
0.155597629
0.292230756
0.349443209
0.306419339
0.740563455
0.88217475
0.018197012
0.646378292
0.06591353
0.514049787
0.374447236
0.490913435
0.442184225
0.350901291
0.001913756
0.430685771
0.70714305
0.575657474
0.142161557
0.093255142
0.234895502
0.568990318
0.015001344
0.923124351
0.030689917
0.043183932
0.312920617
0.467353284
0.929633761
0.763215442
0.831929334
0.827516736
0.365968158
0.728720464
0.902262537
0.810154415
0.042658476
0.660411261
0.498581047
0.68121463
0.610614835
0.376393185
0.674888521
0.966163988
0.613103252
0.832772337
0.472698877
0.529005095
0.750024983
0.534950728
0.668414282
0.539955631
0.034389952
0.477268409
0.190576379
0.030633618
0.66277819
0.02427441
0.967218699
0.510885899
0.264286557
0.734876815
0.605795034
0.507917017
0.686777958
0.139151757
0.109225673
0.128165316
0.215785187
0.935680848
0.595718423
0.644773745
0.02687702
0.718017481
0.793254637
0.432831873
0.784293527
0.913148662
0.415655561
0.505474719
0.959635965
0.773740184
0.770072948
0.202797867
0.240928017
0.796400833
0.733316755
0.005784525
0.036960442
0.595764483
0.928051865
0.32897511
0.058905848
0.174034902
0.98102749
0.263089274
0.730845306
0.071415988
0.373395651
0.417019977
0.861190487
0.69479047
0.002383253
0.404008635
0.594193342
0.924799315
0.473938376
0.992604385
0.928968235
0.417031111
0.263743065
0.764009563
0.440198201
0.386963989
0.709578396
0.893563267
0.45690488
0.010440899
0.156967744
0.56099747
0.964726847
0.000556913
0.966600367
0.728376915
0.475555969
0.469645921
0.113876718
0.779554946
0.618810018
0.601712001
0.977921353
0.751394749
0.929768613
0.008357566
0.307768668
0.022615353
0.077766169
0.626563176
0.744670439
0.672756432
0.819397985
0.308536562
0.436283368
0.942228801
0.715029471
0.400999224
0.388377556
0.721367862
0.651419638
0.16285182
0.432951937
0.530070162
0.782393777
0.867467545
0.251281375
0.031131898
0.13260761
0.845733928
0.335525304
0.534603282
0.52198127
0.712417372
0.629208444
0.062099111
0.013830888
0.567155474
0.228315305
0.247929371
0.434002464
0.120417867
0.883846182
0.566337236
0.002924415
0.683681442
0.168717182
0.73230278
0.877927797
0.604352524
0.809807088
0.372376783
0.053874551
0.236972407
0.23042211
0.98229005
0.898769478
0.06429273
0.448078631
0.450325533
0.839356021
0.621465346
0.273699829
0.60561514
0.009788428
0.806035644
0.540977476
0.377425034
0.816227209
0.574417313
0.488166033
0.370989295
0.27733294
0.029806403
0.33292383
0.753766897
0.927546256
0.63844002
0.436125732
0.561386615
0.559538945
0.183786669
0.776767371
0.825910215
0.310819896
0.751989846
0.834436586
0.484957809
0.349065858
0.556956235
0.072163679
0.470290943
0.81293369
0.62598661
0.641987772
0.921544758
0.460623312
0.56806651
0.551087463
0.284022825
0.823374231
0.014597109
0.876584327
0.837916301
0.248940113
0.668226652
0.379847131
0.54169421
0.26552274
0.471145828
0.039511587
0.020310215
0.317568473
0.052869118
0.034339834
0.080698189
0.825426944
0.295014621
0.083175091
0.323458583
0.44010775
0.820465943
0.576558093
0.129353878
0.06191706
0.333961581
0.787905922
0.048867182
0.801434775
0.457676717
0.016865646
0.200695662
0.903794749
0.235328065
0.692326369
0.911876234
0.827659727
0.202481428
0.620476358
0.474821371
0.779660017
0.5315075
0.933181221
0.592601533
0.6163083
0.263388539
0.180205093
0.722329788
0.078426619
0.047041931
0.148113689
0.35942243
0.622929507
0.38811922
0.542908692
0.365655555
0.181886134
0.440470219
0.41622599
0.400121837
0.662438658
0.780387584
0.100538264
0.288325096
0.383718054
0.593008492
0.820857791
0.340672119
0.703366966
0.353339747
0.928153483
0.255481706
0.844054464
0.085289826
0.895825376
0.755110543
0.44606305
0.098915068
0.74553058
0.810369234
0.669700975
0.823417808
0.182669191
0.032128447
0.846361484
0.837504665
0.670748311
0.803322138
0.722217347
0.694366555
0.22375154
0.999218447
0.678245302
0.424894953
0.249135562
0.343926692
0.81958906
0.932461889
0.382557066
0.053807637
0.380150533
0.856506046
0.799471148
0.242437137
0.250885997
0.612412893
0.424190156
0.861992989
0.374643781
0.656917344
0.782660256
0.792803645
0.120802306
0.601411436
0.156423063
0.237884657
0.980688536
0.088810282
0.853617562
0.264309367
0.597487835
0.691748157
0.181058189
0.31279495
0.088223768
0.58140536
0.792803189
0.292325592
0.731054218
0.873568656
0.040405813
0.405186225
0.667231008
0.759208796
0.751103071
0.194704104
0.087202697
0.085175615
0.354210699
0.189046083
0.388154001
0.639297085
0.861908898
0.295315943
0.508345204
0.451703378
0.991119836
0.109394668
0.442212566
0.892137481
0.794687409
0.264090073
0.62675772
0.317244054
0.698219284
0.355544762
0.439350023
0.134287525
0.178192377
0.963198285
0.679789783
0.005922748
0.192183582
0.746094166
0.076975933
0.354325698
0.728682617
0.410348656
0.855980907
0.135610127
0.988861126
0.692079313
0.148169263
0.995633899
0.742139944
0.618587799
0.124789193
0.355622752
0.773182055
0.782061126
0.128381896
0.245664899
0.714891417
0.64915762
0.159808686
0.112729559
0.001030077
0.896180187
0.563732546
0.560377967
0.403667
0.461719318
0.564389883
0.996896357
0.272332654
0.030293355
0.08781146
0.22026422
0.57102647
0.648948541
0.833795716
0.910131425
0.901236307
0.636513904
0.889154885
0.691204018
0.544532042
0.141703808
0.363505324
0.503689964
0.675236501
0.783606741
0.40570317
0.883522066
0.948279584
0.413297306
0.685696524
0.923189382
0.362428716
0.685917736
0.85366067
0.204117715
0.643799707
0.907680772
0.385121119
0.830596316
0.201486202
0.002726322
0.381236415
0.297597354
0.176403358
0.490853962
0.323383872
0.897126512
0.701230217
0.247795383
0.88874451
0.069790916
0.256755598
0.629048739
0.765511243
0.927658954
0.141200883
0.046555577
0.057207638
0.635881562
0.165254634
0.540376351
0.866401443
0.357518715
0.157673966
0.159813282
0.693995756
0.091101951
0.584299787
0.981122025
0.247395803
0.425046277
0.048931829
0.830040765
0.506768937
0.273729844
0.454632276
0.394890449
0.254983762
0.50825639
0.489699053
0.508554739
0.36216008
0.448495654
0.979857345
0.754288527
0.139166053
0.675378977
0.250550228
0.836756329
0.866538382
0.284873336
0.572931801
0.898600451
0.113699932
0.438456221
0.293235269
0.119534966
0.867366534
0.503964667
0.584884467
0.945236562
0.131768811
0.150488378
0.722827251
0.859514492
0.849815607
0.080405837
0.993336552
0.773052071
0.556247116
0.734667628
0.350721326
0.233390532
0.098646826
0.605378664
0.936773005
0.882902025
0.482257301
0.005395141
0.194546442
0.077337587
0.040717193
0.315365796
0.339824333
0.964752083
0.320395206
0.67809407
0.025998685
0.820027637
0.206297467
0.724444642
0.594121787
0.724225315
0.730498072
0.793176522
0.255122649
0.903837051
0.082816395
0.425277223
0.284104705
0.227777133
0.889174145
0.40269768
0.210627894
0.162361886
0.210057577
0.247180006
0.264952906
0.235214986
0.664782097
0.413375858
0.955848944
0.636779088
0.912475974
0.301200509
0.329394247
0.839437465
0.022045245
0.521385784
0.649586451
0.466225514
0.915264733
0.901494763
0.249599423
0.981458379
0.939668705
0.893184077
0.484947373
0.426867388
0.744387657
0.709316073
0.962597523
0.247498266
0.053521378
0.62130868
0.818192039
0.31919487
0.76010022
0.38839242
0.102376566
0.072939739
0.575486425
0.068542623
0.473584183
0.961825321
0.054170913
0.327982767
0.127196057
0.4988088
0.532757712
0.536704557
0.678226311
0.608524989
0.851548851
0.606796879
0.805471783
0.997750216
0.513476124
0.833206118
0.045360088
0.610148933
0.407105474
0.374714389
0.736658352
0.64288998
0.68389148
0.537103244
0.687997658
0.690908052
0.796899259
0.335266294
0.009822965
0.732265569
0.315041778
0.977432629
0.89703358
0.65872966
0.445164921
0.745411998
0.049615254
0.788479744
0.732214439
0.044736103
0.221434647
0.829914509
0.731138503
0.532186319
0.66008548
0.872044408
0.088246424
0.433979852
0.556942992
0.927648044
0.003319821
0.302898672
0.93870071
0.429407586
0.89311101
0.595395221
0.111011237
0.389023829
0.71694605
0.039914853
0.802079687
0.092658449
0.544655727
0.405696234
0.433328784
0.4560916
0.348162604
0.206779981
0.06939686
0.900790005
0.395315322
0.721295931
0.445490126
0.102670951
0.579651523
0.24147286
0.465549229
0.720787243
0.947786967
0.442053269
0.186935938
0.091450362
0.49811544
0.530428755
0.698876735
0.862411226
0.109655088
0.532242075
0.90165152
0.462544892
0.435813994
0.234576046
0.651881583
0.61382422
0.125679384
0.525121196
0.384242543
0.498338413
0.594842239
0.872302054
0.895532116
0.240336833
0.4845323
0.536632412
0.99390661
0.901588588
0.080997125
0.874495005
0.238050175
0.886119874
0.781172999
0.532590898
0.92665673
0.307408229
0.326134591
0.918467558
0.121530953
0.004546229
0.131162543
0.728604918
0.342008383
0.453470962
0.776110006
0.996458436
0.172753339
0.475631104
0.189809316
0.4875174
0.977001574
0.504421679
0.257923027
0.844498911
0.475586914
0.847891741
0.269595508
0.04309921
0.402114663
0.586327125
0.309128919
0.64096599
0.504905307
0.895497131
0.163888902
0.653892169
0.815347444
0.035268259
0.149767047
0.139895528
0.961749127
0.386423179
0.574043548
0.83574188
0.220613438
0.826674934
0.149618387
0.685038466
0.398618771
0.464272745
0.909198786
0.192852936
0.33945265
0.155683147
0.691005958
0.73562273
0.94881877
0.651738817
0.818118456
0.471234723
0.464541667
0.831584363
0.838621095
0.849939229
0.315602296
0.119633683
0.284348629
0.368276563
0.225418146
0.513955213
0.780051753
0.277284088
0.284189955
0.556200117
0.29236026
0.424201883
0.322752532
0.906025264
0.028523325
0.32868245
0.75757737
0.168110613
0.179488648
0.344847767
0.928232899
0.323549857
0.337170928
0.198982998
0.705798571
0.074830916
0.254148546
0.467498364
0.280070295
0.123471711
0.771189691
0.875717661
0.563464053
0.955750504
0.589654685
0.722691405
0.808427632
0.278926506
0.708321458
0.954028495
0.032513786
0.749817885
0.156854733
0.321740117
0.482236202
0.350167396
0.648710744
0.566721238
0.946401539
0.673321928
0.773195755
0.629989088
0.127444506
0.628768684
0.752148853
0.471691252
0.389615872
0.944555199
0.449521621
0.881026626
0.840675499
0.185252586
0.648904452
0.085513704
0.530006686
0.298306067
0.946710773
0.822577295
0.222488094
0.273095747
0.269823616
0.376898988
0.541991631
0.859846485
0.318050689
0.892165089
0.595405803
0.674465583
0.357424651
0.0591736
0.977129911
0.835969046
0.667668631
0.92415432
0.435686329
0.728228208
0.490034602
0.823142531
0.585339178
0.541436479
0.062597013
0.171663615
0.526795192
0.62889125
0.125238183
0.195083114
0.429742176
0.487955921
0.666067216
0.11748072
0.659239288
0.891554821
0.797854083
0.499265245
0.59844408
0.628167227
0.193261318
0.600956089
0.679158721
0.726582196
0.023617303
0.388157
0.987179234
0.211326628
0.957768085
0.89224713
0.084353552
0.768844307
0.787374344
0.014093299
0.669410332
0.338945974
0.856417514
0.903680539
0.305119592
0.760066441
0.46841486
0.947148178
0.032345963
0.300168103
0.291836728
0.230326549
0.036751262
0.582769635
0.078340053
0.272857176
0.042225947
0.93292672
0.429233095
0.122491343
0.203080433
0.67487709
0.937535693
0.913050608
0.152633709
0.608194496
0.246785051
0.295129961
0.261117571
0.732945128
0.778673446
0.539118675
0.14260651
0.703915944
0.505986814
0.24628571
0.571338364
0.710358963
0.934483863
0.405672929
0.001004636
0.179887248
0.388170795
0.600133769
0.713452848
0.768407334
0.572941269
0.429896538
0.310651065
0.616236577
0.83236121
0.942685024
0.573674661
0.935446741
0.579424071
0.725468123
0.832028563
0.195923298
0.841326152
0.211190417
0.632123959
0.347794836
0.069998389
0.890327223
0.298056123
0.671192086
0.672041746
0.324130643
0.451334994
0.489727241
0.013020966
0.812496003
0.208654277
0.412586782
0.847614484
0.083406787
0.279619384
0.921638398
0.877839929
0.788075851
0.880419355
0.089462986
0.375221325
0.41684485
0.34479823
0.340455852
0.474691562
0.101526598
0.779400404
0.681490155
0.319317624
0.157986266
0.419914665
0.192888126
0.847894715
0.696294884
0.854060031
0.57311257
0.685982026
0.130242863
0.237214656
0.960222179
0.274638424
0.200844862
0.559951247
0.994847247
0.471973066
0.456709784
0.183371604
0.945656395
0.633938681
0.473334017
0.665284167
0.293902316
0.40559801
0.112378594
0.302422142
0.655173024
0.427300447
0.977493935
0.72228961
0.725320229
0.143432027
0.221245097
0.692251293
0.566333252
0.176307258
0.798456256
0.73227489
0.019663724
0.002057707
0.926009435
0.958106816
0.124007762
0.272004758
0.169797823
0.874136408
0.906971545
0.993392584
0.40914267
0.730499783
0.899827256
0.691700349
0.731241285
0.586157298
0.436696112
0.343699941
0.71436818
0.968345216
0.491112014
0.556712938
0.517434348
0.174402427
0.561463568
0.471242903
0.851380274
0.351131744
0.25044152
0.116067364
0.811245668
0.605452093
0.881157564
0.621005086
0.547475675
0.66285027
0.553359354
0.03239828
0.978834076
0.74533525
0.443132474
0.184313889
0.860260904
0.082969341
0.253879231
0.349729033
0.92399147
0.145989124
0.554249706
0.952255551
0.846239527
0.509533004
0.576583929
0.15587131
0.439506532
0.084954142
0.516651992
0.84077559
0.709758761
0.139443993
0.734107796
0.099115466
0.162793452
0.814595535
0.569574463
0.446312942
0.172267687
0.418659432
0.325692551
0.487357233
0.918510283
0.028672137
0.907251071
0.490347524
0.506041045
0.200815738
0.730180411
0.566572437
0.110819885
0.556599258
0.116028385
0.801809967
0.925371605
0.42813351
0.708436739
0.75558732
0.284705814
0.924175919
0.46500511
0.148311128
0.756191032
0.984006085
0.620358938
0.27094872
0.87870898
0.074616513
0.01712788
0.740674419
0.641210241
0.021865644
0.427311437
0.080829812
0.351533065
0.123313504
0.317225937
0.297617805
0.548368197
0.847612397
0.832021588
0.836373827
0.223442289
0.203338225
0.099684115
0.709637675
0.564348635
0.359582521
0.984195573
0.200906431
0.476326487
0.690424497
0.399937566
0.056528424
0.699557327
0.824452432
0.965622828
0.463670348
0.411655664
0.717020718
0.644835673
0.321600665
0.551064026
0.344716212
0.589096231
0.917024589
0.084221839
0.496013904
0.547081688
0.024562379
0.334946225
0.518888616
0.954490179
0.072616978
0.876420957
0.10742278
0.370352676
0.916287389
0.165598171
0.794822981
0.224861894
0.088852896
0.190605201
0.11895006
0.769501371
0.429433324
0.423933614
0.51408584
0.191484161
0.323988113
0.324797413
0.261943518
0.537255939
0.720017535
0.683285686
0.647040972
0.172817397
0.101939349
0.273502814
0.078571055
0.625851524
0.442260091
0.513707447
0.643194682
0.998854515
0.678306672
0.050019922
0.590796434
0.289502272
0.580282152
0.123742932
0.518443174
0.076436756
0.174194395
0.329275138
0.482304205
0.308325924
0.071384844
0.554755822
0.520227493
0.148475828
0.358573738
0.30700594
0.902525597
0.999371038
0.951063721
0.349080438
0.631696734
0.248155846
0.170670077
0.824911372
0.409898824
0.48880837
0.935159674
0.143111266
0.782728916
0.346420129
0.089315311
0.347461809
0.561643985
0.770031899
0.444937977
0.539615788
0.815125868
0.549196983
0.218648651
0.3082628
0.271115958
0.92422307
0.573944728
0.059801123
0.210140074
0.558100211
0.72017869
0.505442796
0.132986208
0.278379983
0.540488059
0.56891767
0.704498135
0.126545856
0.379145441
0.376395427
0.242390407
0.362201479
0.123782578
0.954907421
0.556498661
0.970488703
0.652597152
0.652705395
0.260916735
0.101806618
0.223694666
0.516783968
0.305789918
0.312089448
0.962444817
0.255228879
0.173597609
0.969123063
0.138485306
0.834105836
0.73016102
0.533903305
0.582513052
0.43793372
0.118691611
0.460251923
0.156106639
0.096298198
0.348899793
0.710790573
0.094030893
0.652542732
0.97780794
0.786064642
0.086597774
0.536306874
0.101932242
0.257285094
0.491085289
0.119182822
0.271891129
0.472241415
0.959747668
0.191220458
0.970049013
0.521232993
0.62495239
0.767937797
0.687604336
0.917174812
0.952176012
0.940063564
0.974386886
0.355319457
0.030785945
0.602398061
0.637736606
0.15638841
0.038892171
0.952210768
0.837456265
0.468688858
0.298060522
0.159702537
0.907832546
0.424893685
0.305209742
0.587662019
0.11747336
0.832384308
0.289940825
0.919338954
0.036462615
0.048175106
0.122891321
0.958385055
0.497628751
0.601493944
0.426150565
0.06931476
0.532679179
0.309377076
0.273604417
0.412508379
0.29090601
0.021280437
0.93166928
0.584074646
0.282111457
0.009025477
0.579101151
0.89448571
0.8346521
0.923071744
0.224057287
0.637069388
0.860839038
0.499611543
0.508314881
0.641558798
0.308981035
0.776005671
0.63621691
0.365403336
0.996425457
0.828942127
0.206688687
0.855673077
0.808184098
0.295916362
0.890727985
0.113884168
0.580959989
0.549020721
0.400472917
0.432559175
0.313742097
0.341705219
0.642282888
0.940166428
0.065792697
0.056074326
0.432457985
0.512507691
0.814169323
0.621948533
0.976911844
0.044934744
0.436249574
0.804045973
0.603013947
0.776838553
0.787044384
0.946062857
0.423202131
0.639578953
0.651114624
0.123681602
0.619249733
0.478505221
0.858638893
0.292631836
0.766984274
0.636977409
0.30526521
0.898344443
0.732429438
0.777323139
0.461164165
0.074893386
0.635678457
0.626863032
0.863755667
0.137406845
0.193747689
0.479871991
0.401288816
0.549000602
0.577649876
0.329298182
0.425295813
0.339133248
0.938026474
0.171212402
0.908577594
0.944656601
0.250954572
0.897702325
0.91267222
0.504586412
0.928078808
0.179766889
0.919800716
0.284018842
0.265553295
0.989042104
0.562818896
0.465148449
0.911804707
0.96767684
0.603489545
0.913506643
0.052399702
0.242937497
0.592109966
0.191825842
0.94908774
0.910811459
0.862780458
0.866932311
0.915546657
0.078383003
0.838698872
0.941427948
0.086687416
0.548895045
0.04449237
0.063301733
0.685959395
0.18034567
0.07907805
0.217767794
0.87002905
0.875510166
0.031949174
0.379772232
0.253619818
0.96561201
0.975425094
0.611817895
0.939759556
0.184965506
0.628911048
0.936955951
0.681464409
0.885856591
0.647846346
0.183405562
0.046422723
0.291383661
0.357656225
0.027244141
0.324158028
0.433025031
0.035800028
0.607165422
0.910262647
0.391678798
0.04691471
0.635377683
0.035668507
0.348611448
0.283956699
0.955262637
0.139042836
0.982980704
0.992553329
0.608750548
0.371410713
0.362488696
0.864876892
0.835032583
0.326897276
0.531123435
0.340556056
0.014766938
0.801764024
0.345991793
0.76147679
0.796088763
0.965709845
0.978669574
0.667380001
0.3734359
0.807026706
0.297785179
0.341232532
0.188191485
0.754126482
0.458171532
0.784678079
0.247555175
0.655034261
0.058634676
0.000143412
0.338800199
0.739685446
0.268902056
0.649510415
0.658710779
0.40628029
0.540624043
0.28694678
0.189646329
0.358992755
0.526066929
0.819047439
0.239221735
0.745187618
0.526016938
0.432047904
0.047406989
0.945847494
0.523503147
0.054399496
0.8670647
0.05355885
0.945448762
0.067107653
0.54489079
0.73651372
0.596378037
0.694122375
0.900322304
0.952361443
0.695790224
0.233881869
0.708423409
0.776888946
0.665114947
0.878562421
0.684525507
0.706766783
0.717679866
0.226520996
0.66847307
0.315064793
0.702502078
0.839252154
0.379888126
0.600734083
0.656274781
0.84433965
0.391878959
0.38305964
0.180565633
0.222165924
0.310368393
0.903902806
0.917440751
0.727846329
0.855005207
0.439737899
0.770702355
0.219613771
0.000742645
0.495159704
0.709902886
0.795244084
0.568491475
0.708142195
0.97921836
0.397060429
0.874895336
0.3082481
0.599921238
0.889740804
0.098366548
0.592250339
0.600734509
0.616257595
0.406760994
0.312967819
0.096287317
0.019985427
0.876733537
0.091234921
0.343518327
0.921873806
0.359127866
0.022996277
0.227640636
0.068793157
0.060405458
0.660533383
0.93402337
0.516071149
0.651855671
0.870298975
0.197667049
0.378224746
0.655512957
0.603331083
0.626027474
0.462490353
0.612899342
0.345397501
0.786653929
0.761223164
0.080156761
0.651458998
0.044511017
0.365402161
0.782588441
0.860126719
0.842453276
0.908831074
0.088072878
0.202092793
0.372336476
0.316913167
0.549829957
0.841991599
0.393299797
0.912728655
0.064327996
0.359399301
0.030721323
0.014157255
0.818769025
0.36553143
0.801589229
0.346616385
0.452088587
0.653240371
0.213244009
0.643463197
0.288452691
0.095999007
0.345695305
0.495897316
0.882548541
0.658948224
0.63688145
0.942885881
0.765306624
0.803274458
0.368661203
0.455304543
0.086240939
0.390232582
0.050002309
0.896437894
0.365266893
0.870469346
0.576232789
0.13308885
0.618438109
0.05864246
0.387914012
0.804996425
0.987329386
0.531235646
0.454033775
0.8386527
0.079859199
0.850894022
0.796131021
0.243587735
0.142032774
0.271027486
0.120873549
0.81078131
0.310470544
0.718580168
0.880955031
0.649953496
0.533143672
0.516384094
0.485522465
0.391195565
0.419719473
0.768083371
0.908990784
0.204557797
0.558716244
0.487166375
0.823687859
0.667330865
0.599008402
0.068788791
0.230457386
0.756451598
0.629612411
0.94979805
0.831025694
0.203920325
0.649107602
0.004569584
0.524073593
0.31301611
0.846000401
0.097772191
0.678992997
0.4366507
0.488553671
0.493148921
0.759509422
0.379418423
0.584880293
0.703088407
0.298651928
0.740059829
0.134705082
0.202274343
0.333569134
0.646672592
0.614056845
0.154051917
0.450024767
0.788965937
0.667074671
0.270275051
0.469791148
0.731255374
0.014775021
0.983516029
0.747269511
0.74227275
0.669172288
0.344748489
0.642584908
0.223900452
0.204252346
0.446594004
0.154371558
0.759058529
0.915190482
0.349091619
0.995329407
0.085332465
0.183028239
0.534386187
0.3228787
0.386545769
0.885315519
0.311880413
0.204126555
0.057312081
0.983694353
0.427148919
0.188354042
0.622588395
0.570002137
0.410367034
0.39427025
0.59259721
0.591078065
0.796979236
0.530184145
0.840738182
0.076225637
0.003831255
0.364884753
0.697436024
0.02743055
0.17936687
0.622717478
0.602407803
0.559845487
0.034675573
0.665352759
0.263833223
0.404891167
0.205721568
0.496995118
0.579668064
0.243680813
0.043068835
0.757236079
0.959580911
0.891164995
0.936544249
0.516388178
0.057022375
0.634793513
0.735399309
0.210153918
0.019777502
0.978557943
0.256401098
0.877487427
0.820264849
0.351314206
0.318220603
0.680467989
0.272437354
0.225843149
0.202908192
0.349326598
0.099403326
0.131007433
0.167834645
0.02138897
0.904822566
0.999246812
0.494768912
0.984636184
0.984089564
0.434671846
0.408902414
0.760507018
0.570532427
0.942066628
0.295719775
0.826800326
0.87380541
0.340452356
0.613219224
0.291875843
0.892342361
0.755818046
0.276926691
0.691691115
0.366310073
0.787994841
0.719677601
0.435693393
0.442653385
0.314047261
0.380203156
0.035142908
0.72398081
0.186580953
0.896956379
0.831686922
0.695633548
0.568491985
0.176701394
0.285062181
0.48285515
0.604223165
0.835895316
0.900518463
0.421108767
0.656108862
0.815130957
0.736038734
0.902398694
0.158388828
0.480960503
0.902173393
0.327236007
0.371360186
0.211392256
0.053919171
0.384092066
0.005821787
0.313497291
0.588676744
0.260892832
0.080423773
0.629631023
0.21582602
0.721610529
0.34015212
0.711135098
0.795785817
0.615794854
0.47763391
0.661149665
0.721925205
0.81430354
0.142808848
0.083031936
0.623615538
0.914920145
0.523498037
0.69254676
0.56059557
0.848165252
0.663882371
0.308990686
0.931472089
0.998754022
0.768936916
0.901733681
0.996416124
0.502481687
0.085697812
0.435666791
0.928399597
0.492126189
0.443195676
0.967853838
0.564422312
0.245104361
0.280866525
0.864011367
0.888299531
0.113326286
0.446922398
0.68982805
0.659390183
0.842177264
0.343423007
0.159420692
0.211616497
0.960890196
0.720829188
0.427932326
0.231703817
0.054907918
0.535220915
0.903922289
0.38934986
0.510480001
0.52300044
0.62094098
0.758198934
0.845095103
0.414683136
0.60570426
0.022035326
0.678988864
0.544270298
0.362136284
0.906796646
0.664987182
0.425665034
0.449455456
0.659037257
0.548779305
0.36423217
0.610871367
0.753371827
0.821019653
0.086991753
0.45843749
0.293886675
0.4449484
0.9602066
0.447209337
0.738783939
0.558747859
0.172199766
0.052220782
0.552961249
0.510537262
0.596931811
0.596977793
0.539327275
0.537906766
0.691361249
0.637887805
0.842986944
0.542343428
0.855326677
0.084245901
0.568873618
0.9930666
0.815320641
0.650269933
0.79079671
0.599515011
0.651923266
0.013333121
0.354458859
0.100762706
0.871216242
0.709345676
0.533604901
0.786249322
0.361603762
0.541326452
0.944282442
0.824476018
0.729429428
0.071706096
0.840778955
0.855976082
0.364931805
0.39205963
0.577198767
0.339378798
0.996906324
0.250816315
0.573017458
0.743493329
0.259829991
0.289742708
0.72372528
0.613390723
0.809520153
0.462240504
0.802603248
0.066229733
0.049200081
0.521404396
0.659490388
0.698004643
0.578307726
0.273395002
0.924206701
0.095967867
0.618262742
0.017845934
0.449415664
0.773053793
0.525514259
0.845343273
0.572001578
0.762722679
0.652798048
0.291167222
0.728749957
0.229288647
0.468416412
0.777891638
0.273539328
0.61309409
0.96378134
0.622494347
0.392494748
0.8425663
0.783453938
0.551769209
0.372682201
0.783698957
0.425798732
0.068718867
0.407746975
0.747014097
0.549448443
0.128069338
0.559958503
0.724387879
0.267641682
0.728086072
0.402353255
0.684682341
0.493764747
0.832263508
0.010751389
0.275029654
0.3057484
0.695548676
0.504095231
0.169596291
0.154015978
0.398706776
0.969796381
0.507497778
0.190049709
0.155261927
0.592210456
0.133493038
0.486565321
0.018540515
0.240015053
0.981527002
0.239688022
0.312406482
0.721303615
0.630275431
0.338070788
0.56696277
0.055285947
0.472833492
0.137497618
0.771071367
0.245406937
0.65965584
0.577006306
0.611305625
0.299883086
0.781921653
0.592608587
0.324335383
0.451349829
0.933969812
0.32894396
0.057573458
0.45191114
0.938682101
0.328413123
0.692812798
0.105047501
0.382043647
0.713257021
0.270411286
0.89473302
0.519675478
0.092813868
0.986228881
0.496374761
0.535620018
0.896633529
0.73162141
0.768043485
0.688715658
0.048969967
0.638757076
0.702478279
0.999097813
0.262639231
0.329951264
0.454193003
0.013355235
0.883281014
0.727925109
0.983337369
0.989021676
0.408205756
0.932621815
0.423476595
0.385093105
0.693197325
0.838259029
0.946546437
0.045390528
0.808940376
0.891838259
0.660884762
0.679501057
0.262426954
0.492021561
0.991630357
0.953114544
0.837456575
0.366149161
0.024501389
0.794538345
0.976771251
0.111210939
0.310909615
0.721246216
0.915690774
0.944506446
0.275012364
0.017535657
0.726597671
0.173826929
0.335543002
0.176759767
0.279719977
0.888433842
0.264532574
0.681333606
0.879149366
0.33472841
0.492237248
0.997656328
0.599600419
0.242355366
0.564696858
0.403226412
0.957429645
0.760644329
0.602806616
0.119993594